4	0	2567299	0	0.6894	null
8	0	2567299	1	0.6803	null
1	0	2567299	2	0.6379	null
16	0	2627525	3	0.6232	null
19	0	2627525	4	0.6231	null
13	0	2627525	5	0.6151	null
20	0	2627525	6	0.6081	null
2	0	2567299	7	0.6039	null
11	0	2254639	8	0.5849	null
14	0	2254639	9	0.5849	null
14	0	2518380	10	0.5809	null
13	0	2254639	11	0.5796	null
15	0	2572586	12	0.5792	null
4	0	2267791	13	0.567	null
16	0	2254639	14	0.5612	null
24	0	1853078	15	0.5591	null
12	0	2254639	16	0.5575	null
17	0	2254639	17	0.557	null
20	0	2254639	18	0.5539	null
4	0	2244628	19	0.5424	null
15	0	2627525	20	0.5412	null
23	0	1468413	21	0.5371	null
9	0	2567096	22	0.5337	null
14	0	2627525	23	0.5278	null
30	0	3461630	24	0.5255	null
6	0	2567096	25	0.5208	null
25	0	3461630	26	0.5184	null
23	0	3461630	27	0.5172	null
27	0	1853078	28	0.5157	null
12	0	2254469	29	0.5067	null
24	0	3461630	30	0.5042	null
28	0	3461630	31	0.5041	null
16	0	2254469	32	0.4969	null
19	0	2518380	33	0.4943	null
28	0	3710774	34	0.4943	null
27	0	3461630	35	0.494	null
4	0	2887806	36	0.4927	null
19	0	2254639	37	0.4923	null
23	0	2364167	38	0.492	null
25	0	2364167	39	0.492	null
24	0	2364167	40	0.4845	null
18	0	2254639	41	0.483	null
1	0	2244628	42	0.4807	null
18	0	2254469	43	0.4792	null
1	0	2567096	44	0.477	null
23	0	3666422	45	0.4754	null
21	0	2364167	46	0.4696	null
1	0	2887806	47	0.4642	null
8	0	2244628	48	0.4634	null
2	0	2244628	49	0.4587	null
7	0	2887806	50	0.4572	null
24	0	3661963	51	0.4564	null
19	0	2254469	52	0.4559	null
23	0	3661963	53	0.4556	null
25	0	3661963	54	0.4553	null
27	0	3666422	55	0.4523	null
30	0	3661963	56	0.4496	null
19	0	2496697	57	0.4486	null
15	0	2254639	58	0.4473	null
27	0	2364167	59	0.4465	null
2	0	2267791	60	0.446	null
30	0	3368296	61	0.4389	null
10	0	2887806	62	0.4366	null
3	0	2887806	63	0.4359	null
25	0	1891278	64	0.4342	null
19	0	2443793	65	0.4332	null
24	0	1891278	66	0.4313	null
5	0	2244628	67	0.4309	null
22	0	1891278	68	0.4295	null
19	0	3782364	69	0.4284	null
4	0	2567096	70	0.4281	null
15	0	3806164	71	0.4261	null
15	0	2254469	72	0.4248	null
21	0	1936313	73	0.4227	null
3	0	2567096	74	0.4225	null
16	0	2443793	75	0.4225	null
5	0	2887806	76	0.4209	null
10	0	2567096	77	0.4192	null
7	0	2244628	78	0.4176	null
8	0	2887806	79	0.4165	null
10	0	2244628	80	0.4141	null
11	0	2443793	81	0.4127	null
20	0	3150839	82	0.4107	null
12	0	2443793	83	0.4092	null
27	0	3710774	84	0.4087	null
3	0	2737775	85	0.4081	null
29	0	3461630	86	0.4056	null
6	0	2887806	87	0.4046	null
27	0	1891278	88	0.4035	null
8	0	2567096	89	0.4034	null
17	0	3150839	90	0.4027	null
24	0	3710774	91	0.4024	null
4	0	2729419	92	0.4011	null
1	0	3199072	93	0.3993	null
13	0	3150839	94	0.3993	null
3	0	2267791	95	0.399	null
3	0	2567289	96	0.3981	null
14	0	3150839	97	0.3981	null
5	0	130966	98	0.3979	null
2	0	3199072	99	0.3954	null
2	0	2887806	100	0.3953	null
18	0	2572586	101	0.3952	null
11	0	3150839	102	0.3929	null
21	0	3710774	103	0.3917	null
8	0	2635122	104	0.3902	null
30	0	3444845	105	0.3881	null
4	0	130966	106	0.3877	null
23	0	3444845	107	0.3863	null
25	0	3444845	108	0.3863	null
10	0	2567289	109	0.3855	null
24	0	3444845	110	0.3854	null
9	0	2244628	111	0.3833	null
7	0	3199072	112	0.382	null
5	0	3199072	113	0.3818	null
4	0	3259311	114	0.3807	null
29	0	1891278	115	0.3807	null
12	0	3150839	116	0.3804	null
25	0	3368296	117	0.3791	null
16	0	3150839	118	0.3776	null
17	0	3782364	119	0.3761	null
7	0	2627179	120	0.3754	null
10	0	3199072	121	0.3754	null
9	0	2887806	122	0.375	null
24	0	3356124	123	0.3747	null
30	0	3356124	124	0.3743	null
23	0	3356124	125	0.3739	null
25	0	3356124	126	0.3738	null
2	0	2567096	127	0.3733	null
1	0	130966	128	0.3723	null
21	0	3444845	129	0.3714	null
22	0	3444845	130	0.3714	null
27	0	3356124	131	0.3696	null
20	0	3782364	132	0.3695	null
16	0	3782364	133	0.3691	null
4	0	2627179	134	0.3686	null
28	0	3356124	135	0.3678	null
24	0	1964547	136	0.3664	null
24	0	3368296	137	0.3664	null
8	0	2567289	138	0.366	null
2	0	2627179	139	0.3656	null
6	0	2567289	140	0.3632	null
27	0	3368296	141	0.3623	null
10	0	2635122	142	0.362	null
15	0	2246105	143	0.3618	null
28	0	3444845	144	0.3616	null
9	0	3199072	145	0.3615	null
25	0	1976608	146	0.3608	null
8	0	2737775	147	0.3602	null
11	0	3782364	148	0.36	null
7	0	2567096	149	0.3596	null
6	0	2244628	150	0.359	null
21	0	3356124	151	0.3586	null
22	0	3356124	152	0.3586	null
5	0	2567096	153	0.3578	null
30	0	1976608	154	0.3561	null
3	0	3199072	155	0.3555	null
26	0	3356124	156	0.3553	null
6	0	2737775	157	0.3545	null
23	0	3368296	158	0.3541	null
13	0	3782364	159	0.3537	null
5	0	2635122	160	0.3521	null
27	0	3661963	161	0.3509	null
5	0	2737775	162	0.3506	null
24	0	1976608	163	0.3503	null
11	0	2828440	164	0.3499	null
12	0	3782364	165	0.3474	null
9	0	2567289	166	0.347	null
18	0	3806164	167	0.347	null
15	0	2609891	168	0.3448	null
4	0	2737775	169	0.3446	null
1	0	2627179	170	0.3426	null
12	0	2828440	171	0.3426	null
6	0	3199072	172	0.3367	null
26	0	1976608	173	0.335	null
5	0	3078282	174	0.3347	null
15	0	3782364	175	0.3335	null
14	0	3782364	176	0.3318	null
5	0	2627179	177	0.3316	null
8	0	2627179	178	0.331	null
10	0	2627179	179	0.3296	null
7	0	2737775	180	0.3295	null
18	0	3782364	181	0.3293	null
9	0	2627179	182	0.3278	null
28	0	3368296	183	0.3277	null
16	0	1794449	184	0.3268	null
20	0	2828440	185	0.3249	null
18	0	1794449	186	0.3248	null
2	0	2567289	187	0.3246	null
27	0	1964547	188	0.3214	null
22	0	1976608	189	0.32	null
5	0	2567289	190	0.3171	null
1	0	2729419	191	0.3166	null
18	0	3150839	192	0.3161	null
19	0	1794449	193	0.3149	null
12	0	2609891	194	0.3111	null
15	0	2828440	195	0.3077	null
7	0	2567289	196	0.3076	null
6	0	2627179	197	0.3065	null
1	0	2567289	198	0.3064	null
19	0	2609891	199	0.305	null
29	0	3368296	200	0.3044	null
2	0	2737775	201	0.3035	null
15	0	3150839	202	0.3015	null
14	0	2609891	203	0.2993	null
20	0	2609891	204	0.2989	null
19	0	2828440	205	0.2982	null
27	0	1976608	206	0.2969	null
11	0	2609891	207	0.2968	null
21	0	3368296	208	0.296	null
22	0	3368296	209	0.296	null
1	0	3259311	210	0.2916	null
3	0	2627179	211	0.2911	null
4	0	2567289	212	0.29	null
8	0	2729419	213	0.2897	null
13	0	2609891	214	0.2893	null
17	0	2609891	215	0.289	null
26	0	3368296	216	0.2884	null
18	0	2559826	217	0.2802	null
16	0	2609891	218	0.2801	null
18	0	2609891	219	0.2789	null
7	0	2729419	220	0.2729	null
3	0	3078282	221	0.2722	null
12	0	1858696	222	0.2702	null
8	0	3259311	223	0.27	null
9	0	3259311	224	0.2695	null
27	0	3337801	225	0.2665	null
30	0	3420498	226	0.2594	null
27	0	3420498	227	0.254	null
14	0	2572586	228	0.2531	null
29	0	3356124	229	0.2519	null
1	0	2232040	230	0.2517	null
24	0	3420498	231	0.2494	null
25	0	3420498	232	0.2494	null
23	0	3420498	233	0.2487	null
11	0	2572586	234	0.2483	null
13	0	2572586	235	0.2453	null
12	0	2572586	236	0.244	null
13	0	2246105	237	0.2435	null
21	0	3337801	238	0.2419	null
7	0	3259311	239	0.238	null
28	0	3420498	240	0.2372	null
6	0	3259311	241	0.2354	null
26	0	1891278	242	0.2354	null
17	0	3806164	243	0.2337	null
16	0	3806164	244	0.2291	null
16	0	2994656	245	0.2273	null
13	0	2994656	246	0.2264	null
20	0	2994656	247	0.223	null
13	0	3806164	248	0.2219	null
19	0	2994656	249	0.2201	null
11	0	2994656	250	0.2156	null
12	0	2246105	251	0.215	null
18	0	2994656	252	0.215	null
12	0	2994656	253	0.2124	null
16	0	2559826	254	0.2112	null
6	0	2232040	255	0.207	null
19	0	2246105	256	0.2053	null
4	0	2232040	257	0.2051	null
19	0	3806164	258	0.2048	null
17	0	2559826	259	0.2035	null
6	0	2729419	260	0.203	null
20	0	3806164	261	0.2017	null
11	0	3806164	262	0.2015	null
14	0	3806164	263	0.2011	null
23	0	3632172	264	0.1921	null
24	0	3632172	265	0.1919	null
8	0	2232040	266	0.19	null
25	0	3632172	267	0.1899	null
30	0	3632172	268	0.186	null
2	0	2232040	269	0.1854	null
11	0	2559826	270	0.1838	null
7	0	2232040	271	0.1815	null
22	0	3420498	272	0.1801	null
21	0	3632172	273	0.1784	null
22	0	3632172	274	0.1784	null
12	0	3806164	275	0.1774	null
14	0	2559826	276	0.1724	null
28	0	3632172	277	0.1707	null
10	0	2232040	278	0.1654	null
14	0	1858696	279	0.1426	null
29	0	3420498	280	0.1323	null
9	0	2232040	281	0.132	null
29	0	3632172	282	0.1202	null
26	0	3420498	283	0.0906	null
26	0	3632172	284	0.087	null
